π‚¿‚ÃπøÀ,SeniorD,0,0,0,0,0,0,100,7*±©¡¶÷©÷Î,SeniorD,-70,-100,-70,-70,-100,-70,85,5|1366,680|300,250,75*1066,430,75|50,630,5*1316,50,5|7,2,105,40*5,3,40,105|1|
755,0,50.1,50,0,0.05,100,4,2,1,0,1,1,6*756,1,1316,630,180,180,85,2,0,1,0,0,0,4|766,2,1225,629.185,-179.487|4,125.997,50.6433,1366,61.14|0*0|
755,0,50.215,50.0001,1,0.1075,100,4,2,0,1,1,1,6*756,1,1316,627,-175,180,85,2,0,0,1,1,0,4|766,2,1218.7,629.129,-179.487||0*0|
755,0,50.3472,50.0003,2,0.173625,100,4,2,0,1,1,1,6*756,1,1316,624,-170,180,85,2,0,0,1,1,0,4|766,2,1212.09,629.07,-179.487||0*0|
755,0,50.4993,50.0008,3,0.249669,100,4,2,0,1,1,1,6*756,1,1316,621,-165,180,85,2,0,0,1,1,0,4|766,2,1205.14,629.007,-179.487||0*0|
755,0,50.6742,50.0016,4,0.337119,100,4,2,0,1,1,1,6*756,1,1316,618,-160,180,85,2,0,0,1,1,0,4|766,2,1197.85,628.942,-179.487||0*0|
755,0,50.8754,50.0028,5,0.437687,100,4,2,0,1,1,1,6*756,1,1316,615,-160,180,85,2,0,0,0,1,0,4|766,2,1190.19,628.874,-179.487||0*0|
755,0,51.1067,50.0045,6,0.55334,100,4,2,0,1,1,1,6*756,1,1316,612,-160,180,85,2,0,0,0,1,0,4|766,2,1182.15,628.802,-179.487||0*0|
755,0,51.3727,50.0071,7,0.686341,100,4,2,0,1,1,1,6*756,1,1316,609,-160,180,85,2,0,0,0,1,0,4|766,2,1173.71,628.726,-179.487||0*0|
755,0,51.6785,50.0108,8,0.839292,100,4,2,0,1,1,1,6*756,1,1316,606,-160,180,85,2,0,0,0,1,0,4|766,2,1164.85,628.647,-179.487||0*0|
755,0,52.0303,50.0159,9,1.01519,100,4,2,0,1,1,1,6*756,1,1316,603,-160,180,85,2,0,0,0,1,0,4|766,2,1155.54,628.563,-179.487||0*0|
755,0,52.4348,50.0231,10,1.21746,100,4,2,0,1,1,1,6*756,1,1316,600,-160,180,85,2,0,0,0,1,0,4|766,2,1145.77,628.476,-179.487||0*0|
755,0,52.8999,50.033,11,1.45008,100,4,2,0,1,1,1,6*756,1,1316,597,-160,180,85,2,0,0,0,1,0,4|766,2,1135.5,628.384,-179.487||0*0|
755,0,53.4348,50.0465,12,1.7176,100,4,2,0,1,1,1,6*756,1,1316,594,-160,180,85,2,0,0,0,1,0,4|766,2,1124.73,628.287,-179.487||0*0|
755,0,54.0498,50.0649,13,2.02524,100,4,2,0,1,1,1,6*756,1,1316,591,-160,180,85,2,0,0,0,1,0,4|766,2,1113.42,628.186,-179.487||0*0|
755,0,54.7569,50.0899,14,2.37902,100,4,2,0,1,1,1,6*756,1,1316,588,-160,180,85,2,0,0,0,1,0,4|766,2,1101.54,628.08,-179.487||0*0|
755,0,55.5699,50.1237,15,2.78587,100,4,2,0,1,1,1,6*756,1,1316,585,-160,180,85,2,0,0,0,1,0,4|766,2,1089.06,627.968,-179.487||0*0|
755,0,56.5046,50.1692,16,3.25375,100,4,2,0,1,1,1,6*756,1,1316,582,-160,180,85,2,0,0,0,1,0,4|766,2,1075.97,627.851,-179.487||0*0|
755,0,57.579,50.2303,17,3.79182,100,4,2,0,1,1,1,6*756,1,1316,579,-160,180,85,2,0,0,0,1,0,4|766,2,1062.22,627.728,-179.487||0*0|
755,0,58.8138,50.3121,18,4.41059,100,4,2,0,1,1,1,6*756,1,1316,576,-160,180,85,2,0,0,0,1,0,4|766,2,1047.78,627.598,-179.487||0*0|
755,0,60.2327,50.4216,19,5.12218,100,4,2,0,1,1,1,6*756,1,1316,573,-160,180,85,2,0,0,0,1,0,4|766,2,1032.62,627.463,-179.487||0*0|
755,0,61.8629,50.5677,20,5.94051,100,4,2,0,1,1,1,6*756,1,1316,570,-160,180,85,2,0,0,0,1,0,4|766,2,1016.7,627.32,-179.487||0*0|
755,0,63.7349,50.7625,21,6.88158,100,4,2,0,1,1,1,6*756,1,1316,567,-160,180,85,2,0,0,0,1,0,4|766,2,999.981,627.17,-179.487||0*0|
755,0,65.8838,51.0218,22,7.96382,100,4,2,0,1,1,1,6*756,1,1316,564,-160,180,85,2,0,0,0,1,0,4|766,2,982.431,627.013,-179.487||0*0|
755,0,68.3489,51.3667,22,9.20839,100,4,2,0,0,1,1,6*756,1,1316,561,-160,180,85,2,0,0,0,1,0,4|766,2,964.002,626.848,-179.487||0*0|
755,0,71.1746,51.8248,22,10.6397,100,4,2,0,0,1,1,6*756,1,1316,558,-160,180,85,2,0,0,0,1,0,4|766,2,944.652,626.675,-179.487||0*0|
755,0,74.4099,52.4326,22,12.2856,100,4,2,0,0,1,1,6*756,1,1316,555,-160,180,85,2,0,0,0,1,0,4|766,2,924.335,626.493,-179.487||0*0|
755,0,78.1088,53.2381,22,14.1784,100,4,2,0,0,1,1,6*756,1,1316,552,-160,180,85,2,0,0,0,1,0,4|766,2,903.002,626.302,-179.487||0*0|
755,0,82.3298,54.3045,22,16.3552,100,4,2,0,0,1,1,6*756,1,1316,549,-160,180,85,2,0,0,0,1,0,4|766,2,880.602,626.102,-179.487||0*0|
755,0,87.1337,55.7143,22,18.8585,100,4,2,0,0,1,1,6*756,1,1316,546,-160,180,85,2,0,0,0,1,0,4|766,2,857.082,625.891,-179.487||0*0|
755,0,92.5822,57.5753,22,21.7373,100,4,2,0,0,1,1,6*756,1,1316,543,-160,180,85,2,0,0,0,1,0,4|766,2,832.386,625.67,-179.487||0*0|
755,0,98.7326,60.0274,22,25.0478,100,4,2,0,0,1,1,6*756,1,1316,540,-160,180,85,2,0,0,0,1,0,4|766,2,806.456,625.438,-179.487||0*0|
755,0,105.074,62.9911,22,28.5478,100,4,2,0,0,1,1,6*756,1,1316,537,-160,180,85,2,0,0,0,1,0,4|766,2,779.229,625.194,-179.487||0*0|
755,0,111.223,66.3363,22,32.0478,100,4,2,0,0,1,1,6*756,1,1316,534,-160,180,85,2,0,0,0,1,0,4|766,2,750.64,624.938,-179.487||0*0|
755,0,117.156,70.0507,22,35.5478,100,4,2,0,0,1,1,6*756,1,1316,531,-160,180,85,2,0,0,0,1,0,4|766,2,720.622,624.669,-179.487||0*0|
755,0,122.852,74.1204,22,39.0478,100,4,2,0,0,1,1,6*756,1,1316,528,-160,180,85,2,0,0,0,1,0,4|766,2,689.103,624.387,-179.487||0*0|
755,0,128.288,78.5302,21,42.5478,100,4,2,0,1,1,1,6*756,1,1316,525,-160,180,85,2,0,0,0,1,0,4|766,2,656.009,624.091,-179.487||0*0|
755,0,133.445,83.2636,21,46.0478,100,4,2,0,0,1,1,6*756,1,1316,522,-160,180,85,2,0,0,0,1,0,4|766,2,621.259,623.779,-179.487||0*0|
755,0,138.304,88.303,21,49.5478,100,4,2,0,0,1,1,6*756,1,1316,519,-160,180,85,2,0,0,0,1,0,4|766,2,584.772,623.453,-179.487||0*0|
755,0,142.845,93.6297,21,53.0478,100,4,2,0,0,1,1,6*756,1,1316,516,-160,180,85,2,0,0,0,1,0,4|766,2,546.461,623.11,-179.487||0*0|
755,0,147.053,99.2236,20,56.5478,100,4,2,0,1,1,1,6*756,1,1316,513,-160,180,85,2,0,0,0,1,0,4|766,2,506.234,622.75,-179.487||0*0|
755,0,150.912,105.064,20,60.0478,100,4,2,0,0,1,1,6*756,1,1316,510,-160,180,85,2,0,0,0,1,0,4|766,2,463.996,622.371,-179.487||0*0|
755,0,154.407,111.129,20,63.5478,100,4,2,0,0,1,1,6*756,1,1316,507,-160,180,85,2,0,0,0,1,0,4|766,2,419.645,621.974,-179.487||0*0|
755,0,157.525,117.396,19,67.0478,100,4,2,0,1,1,1,6*756,1,1316,504,-160,180,85,2,0,0,0,1,0,4|766,2,373.078,621.557,-179.487||0*0|
755,0,160.255,123.842,19,70.5478,100,4,2,0,0,1,1,6*756,1,1316,501,-160,180,85,2,0,0,0,1,0,4|766,2,324.182,621.119,-179.487||0*0|
755,0,162.586,130.443,19,74.0478,100,4,2,0,0,1,1,6*756,1,1316,498,-160,180,85,2,0,0,0,1,0,4|766,2,272.841,620.66,-179.487||0*0|
755,0,164.51,137.173,18,77.5478,100,4,2,0,1,1,1,6*756,1,1316,495,-160,180,85,2,0,0,0,1,0,4|766,2,218.933,620.177,-179.487||0*0|
755,0,166.019,144.008,18,81.0478,100,4,2,0,0,1,1,6*756,1,1316,492,-160,180,85,2,0,0,0,1,0,4|766,2,162.33,619.67,-179.487||0*0|
755,0,167.108,150.923,17,84.5478,100,4,2,0,1,1,1,6*756,1,1316,489,-160,180,85,2,0,0,0,1,0,4|766,2,102.896,619.138,-179.487||0*0|
755,0,167.774,157.891,17,88.0478,100,4,2,0,0,1,1,6*756,1,1316,486,-160,180,85,2,0,0,0,1,0,4|766,2,40.4912,618.579,-179.487||0*0|
755,0,168.012,164.887,16,91.5478,100,4,2,0,1,1,1,6*756,1,1316,483,-160,180,85,2,0,0,0,1,0,4||2,-25.0342,617.993|0*0|
755,0,167.823,171.885,16,95.0478,100,4,2,1,0,1,1,5*756,1,1316,480,-160,180,85,2,0,0,0,1,0,4||4,240.307,188.328,252.218,192.191|0*0|
755,0,167.207,178.858,16,98.5478,100,4,2,0,0,1,1,5*756,1,1316,477,-160,180,85,2,0,0,0,1,0,4|||0*0|
755,0,166.167,185.78,15,102.048,100,4,2,0,1,1,1,5*756,1,1316,474,-165,180,85,2,0,0,1,1,0,4|||0*0|
755,0,164.705,192.626,15,105.548,100,4,2,0,0,1,1,5*756,1,1316,471,-165,180,85,2,0,0,0,1,0,4|||0*0|
755,0,162.829,199.37,14,109.048,100,4,2,0,1,1,1,5*756,1,1316,468,-165,180,85,2,0,0,0,1,0,4|||0*0|
755,0,160.545,205.986,14,112.548,100,4,2,0,0,1,1,5*756,1,1316,465,-165,180,85,2,0,0,0,1,0,4|||0*0|
755,0,157.86,212.451,13,116.048,100,4,2,0,1,1,1,5*756,1,1316,462,-165,180,85,2,0,0,0,1,0,4|||0*0|
755,0,154.787,218.74,13,119.548,100,4,2,0,0,1,1,5*756,1,1316,459,-165,180,85,2,0,0,0,1,0,4|||0*0|
755,0,151.335,224.83,12,123.048,100,4,2,0,1,1,1,5*756,1,1316,456,-165,180,85,2,0,0,0,1,0,4|||0*0|
755,0,147.517,230.697,12,126.548,100,4,2,0,0,1,1,5*756,1,1316,453,-165,180,85,2,0,0,0,1,0,4|||0*0|
755,0,143.349,236.321,11,130.048,100,4,2,0,1,1,1,5*756,1,1316,450,-165,180,85,2,0,0,0,1,0,4|||0*0|
755,0,138.845,241.679,11,133.548,100,4,2,0,0,1,1,5*756,1,1316,447,-165,180,85,2,0,0,0,1,0,4|||0*0|
755,0,134.022,246.753,10,137.048,100,4,2,0,1,1,1,5*756,1,1316,444,-170,180,85,2,0,0,1,1,0,4|||0*0|
755,0,128.899,251.523,10,140.548,100,4,2,0,0,1,1,5*756,1,1316,441,-170,180,85,2,0,0,0,1,0,4|||0*0|
755,0,123.493,255.971,10,144.048,100,4,2,0,0,1,1,5*756,1,1316,438,-170,180,85,2,0,0,0,1,0,4|||0*0|
755,0,117.827,260.08,9,147.548,100,4,2,0,1,1,1,5*756,1,1316,435,-170,180,85,2,0,0,0,1,0,4|||0*0|
755,0,111.92,263.837,9,151.048,100,4,2,0,0,1,1,5*756,1,1316,432,-170,180,85,2,0,0,0,1,0,4|||0*0|
755,0,105.795,267.225,8,154.548,100,4,2,0,1,1,1,5*756,1,1316,429,-170,180,85,2,0,0,0,1,0,4|||0*0|
755,0,99.4742,270.234,8,158.048,100,4,2,0,0,1,1,5*756,1,1316,426,-170,180,85,2,0,0,0,1,0,4|||0*0|
755,0,92.9818,272.85,8,161.548,100,4,2,0,0,1,1,5*756,1,1316,423,-170,180,85,2,0,0,0,1,0,4|||0*0|
755,0,86.3416,275.066,7,165.048,100,4,2,0,1,1,1,5*756,1,1316,420,-170,180,85,2,0,0,0,1,0,4|||0*0|
755,0,79.5786,276.872,7,168.548,100,4,2,0,0,1,1,5*756,1,1316,417,-170,180,85,2,0,0,0,1,0,4|||0*0|
755,0,72.718,278.262,7,172.048,100,4,2,0,0,1,1,5*756,1,1316,414,-170,180,85,2,0,0,0,1,0,4|||0*0|
755,0,65.7853,279.23,7,175.548,100,4,2,0,0,1,1,5*756,1,1316,411,-170,180,85,2,0,0,0,1,0,4|||0*0|
755,0,58.8064,279.774,7,179.048,100,4,2,0,0,1,1,5*756,1,1316,408,-170,180,85,2,0,0,0,1,0,4|||0*0|
755,0,51.8074,279.89,6,-177.452,100,4,2,0,1,1,1,5*756,1,1316,405,-170,180,85,2,0,0,0,1,0,4|||0*0|
755,0,50,279.579,6,-173.952,100,4,2,0,0,1,1,5*756,1,1316,402,-170,180,85,2,0,0,0,1,0,4|||0*0|
755,0,50,278.841,6,-170.452,100,4,2,0,0,1,1,5*756,1,1316,399,-170,180,85,2,0,0,0,1,0,4|||0*0|
755,0,50,277.68,6,-166.952,100,4,2,0,0,1,1,5*756,1,1316,396,-170,180,85,2,0,0,0,1,0,4|||0*0|
755,0,50,276.1,6,-163.452,100,4,2,0,0,1,1,5*756,1,1316,393,-170,180,85,2,0,0,0,1,0,4|||0*0|
755,0,50,274.106,6,-159.952,100,4,2,0,0,1,1,5*756,1,1316,390,-170,180,85,2,0,0,0,1,0,4|||0*0|
755,0,50,271.706,6,-156.452,100,4,2,0,0,1,1,5*756,1,1316,387,-170,180,85,2,0,0,0,1,0,4|||0*0|
755,0,50,268.91,6,-152.952,100,4,2,0,0,1,1,5*756,1,1316,384,-170,180,85,2,0,0,0,1,0,4|||0*0|
755,0,50,265.727,6,-149.452,100,4,2,0,0,1,1,5*756,1,1316,381,-170,180,85,2,0,0,0,1,0,4|||0*0|
755,0,50,262.169,6,-145.952,100,4,2,0,0,1,1,5*756,1,1316,378,-170,180,85,2,0,0,0,1,0,4|||0*0|
755,0,50,258.25,6,-142.452,100,4,2,0,0,1,1,5*756,1,1316,375,-170,180,85,2,0,0,0,1,0,4|||0*0|
755,0,50,253.984,6,-138.952,100,4,2,0,0,1,1,5*756,1,1316,372,-170,180,85,2,0,0,0,1,0,4|||0*0|
755,0,50,249.387,6,-135.452,100,4,2,0,0,1,1,5*756,1,1316,369,-170,180,85,2,0,0,0,1,0,4|||0*0|
755,0,50,244.476,6,-131.952,100,4,2,0,0,1,1,5*756,1,1316,366,-170,180,85,2,0,0,0,1,0,4|||0*0|
755,0,50,239.271,6,-128.452,100,4,2,0,0,1,1,5*756,1,1316,363,-170,180,85,2,0,0,0,1,0,4|||0*0|
755,0,50,233.789,6,-124.952,100,4,2,0,0,1,1,5*756,1,1316,360,-170,180,85,2,0,0,0,1,0,4|||0*0|
755,0,50,228.051,6,-121.452,100,4,2,0,0,1,1,5*756,1,1316,357,-170,180,85,2,0,0,0,1,0,4|||0*0|
755,0,50,222.08,6,-117.952,100,4,2,0,0,1,1,5*756,1,1316,354,-170,180,85,2,0,0,0,1,0,4|||0*0|
755,0,50,215.896,6,-114.452,100,4,2,0,0,1,1,5*756,1,1316,351,-170,180,85,2,0,0,0,1,0,4|||0*0|
755,0,50,209.524,6,-110.952,100,4,2,0,0,1,1,5*756,1,1316,348,-170,180,85,2,0,0,0,1,0,4|||0*0|
755,0,50,202.987,6,-107.452,100,4,2,0,0,1,1,5*756,1,1316,345,-170,180,85,2,0,0,0,1,0,4|||0*0|
755,0,50,196.309,6,-103.952,100,4,2,0,0,1,1,5*756,1,1316,342,-170,180,85,2,0,0,0,1,0,4|||0*0|
755,0,50,189.516,6,-100.452,100,4,2,0,0,1,1,5*756,1,1316,339,-170,180,85,2,0,0,0,1,0,4|||0*0|
755,0,50,182.632,6,-96.9522,100,4,2,0,0,1,1,5*756,1,1316,336,-170,180,85,2,0,0,0,1,0,4|||0*0|
755,0,50,175.683,6,-93.4522,100,4,2,0,0,1,1,5*756,1,1316,333,-170,180,85,2,0,0,0,1,0,4|||0*0|
755,0,50,168.696,7,-89.9522,100,4,2,1,1,1,1,4*756,1,1316,330,-170,180,85,2,0,1,0,1,0,3|770,2,1226.23,318.067,-170.555|4,125.715,182.254,251.098,193.136|0*0|
755,0,50.0058,161.696,7,-86.4522,100,4,2,0,0,1,1,4*756,1,1316,327,-170,180,85,2,0,0,0,1,0,3|770,2,1220.02,317.033,-170.555||0*0|
755,0,50.439,154.709,7,-82.9522,100,4,2,0,0,1,1,4*756,1,1316,324,-170,180,85,2,0,0,0,1,0,3|770,2,1213.49,315.947,-170.555||0*0|
755,0,51.2979,147.762,7,-79.4522,100,4,2,0,0,1,1,4*756,1,1316,321,-170,180,85,2,0,0,0,1,0,3|770,2,1206.64,314.808,-170.555||0*0|
755,0,52.5793,140.881,7,-75.9522,100,4,2,0,0,1,1,4*756,1,1316,318,-170,180,85,2,0,0,0,1,0,3|770,2,1199.45,313.611,-170.555||0*0|
755,0,54.2784,134.09,7,-72.4522,100,4,2,0,0,1,1,4*756,1,1316,315,-170,180,85,2,0,0,0,1,0,3|770,2,1191.89,312.354,-170.555||0*0|
755,0,56.3889,127.416,8,-68.9522,100,4,2,0,1,1,1,4*756,1,1316,312,-170,180,85,2,0,0,0,1,0,3|770,2,1183.96,311.035,-170.555||0*0|
755,0,58.903,120.883,8,-65.4522,100,4,2,0,0,1,1,4*756,1,1316,309,-170,180,85,2,0,0,0,1,0,3|770,2,1175.63,309.649,-170.555||0*0|
755,0,61.8111,114.515,8,-61.9522,100,4,2,0,0,1,1,4*756,1,1316,306,-170,180,85,2,0,0,0,1,0,3|770,2,1166.89,308.195,-170.555||0*0|
755,0,65.1026,108.338,8,-58.4522,100,4,2,0,0,1,1,4*756,1,1316,303,-170,180,85,2,0,0,0,1,0,3|770,2,1157.71,306.667,-170.555||0*0|
755,0,68.7651,102.372,8,-54.9522,100,4,2,0,0,1,1,4*756,1,1316,300,-170,180,85,2,0,0,0,1,0,3|770,2,1148.07,305.063,-170.555||0*0|
755,0,72.7849,96.6414,9,-51.4522,100,4,2,0,1,1,1,4*756,1,1316,297,-170,180,85,2,0,0,0,1,0,3|770,2,1137.94,303.379,-170.555||0*0|
755,0,77.1471,91.1668,9,-47.9522,100,4,2,0,0,1,1,4*756,1,1316,294,-170,180,85,2,0,0,0,1,0,3|770,2,1127.32,301.611,-170.555||0*0|
755,0,81.8353,85.9687,9,-44.4522,100,4,2,0,0,1,1,4*756,1,1316,291,-170,180,85,2,0,0,0,1,0,3|770,2,1116.15,299.755,-170.555||0*0|
755,0,86.8322,81.0665,9,-40.9522,100,4,2,0,0,1,1,4*756,1,1316,288,-170,180,85,2,0,0,0,1,0,3|770,2,1104.44,297.805,-170.555||0*0|
755,0,92.119,76.4785,9,-37.4522,100,4,2,0,0,1,1,4*756,1,1316,285,-170,180,85,2,0,0,0,1,0,3|770,2,1092.13,295.758,-170.555||0*0|
755,0,97.676,72.2218,9,-33.9522,100,4,2,0,0,1,1,4*756,1,1316,282,-170,180,85,2,0,0,0,1,0,3|770,2,1079.21,293.609,-170.555||0*0|
755,0,103.483,68.3123,9,-30.4522,100,4,2,0,0,1,1,4*756,1,1316,279,-170,180,85,2,0,0,0,1,0,3|770,2,1065.65,291.352,-170.555||0*0|
755,0,109.517,64.7646,9,-26.9522,100,4,2,0,0,1,1,4*756,1,1316,276,-170,180,85,2,0,0,0,1,0,3|770,2,1051.4,288.983,-170.555||0*0|
755,0,115.757,61.5919,9,-23.4522,100,4,2,0,0,1,1,4*756,1,1316,273,-170,180,85,2,0,0,0,1,0,3|770,2,1036.45,286.495,-170.555||0*0|
755,0,122.178,58.806,9,-19.9522,100,4,2,0,0,1,1,4*756,1,1316,270,-170,180,85,2,0,0,0,1,0,3|770,2,1020.74,283.882,-170.555||0*0|
755,0,128.758,56.4174,10,-16.4522,100,4,2,0,1,1,1,4*756,1,1316,267,-170,180,85,2,0,0,0,1,0,3|770,2,1004.25,281.139,-170.555||0*0|
755,0,135.472,54.4349,10,-12.9522,100,4,2,0,0,1,1,4*756,1,1316,264,-170,180,85,2,0,0,0,1,0,3|770,2,986.939,278.259,-170.555||0*0|
755,0,142.294,52.8659,10,-9.45215,100,4,2,0,0,1,1,4*756,1,1316,261,-170,180,85,2,0,0,0,1,0,3|770,2,968.76,275.235,-170.555||0*0|
755,0,149.198,51.7163,10,-5.95215,100,4,2,0,0,1,1,4*756,1,1316,258,-170,180,85,2,0,0,0,1,0,3|770,2,949.672,272.059,-170.555||0*0|
755,0,156.161,50.9904,10,-2.45215,100,4,2,0,0,1,1,4*756,1,1316,255,-170,180,85,2,0,0,0,1,0,3|770,2,929.629,268.725,-170.555||0*0|
755,0,163.154,50.6909,10,1.04785,100,4,2,0,0,1,1,4*756,1,1316,252,-170,180,85,2,0,0,0,1,0,3|770,2,908.584,265.224,-170.555||0*0|
755,0,170.153,50.819,10,4.54785,100,4,2,0,0,1,1,4*756,1,1316,249,-170,180,85,2,0,0,0,1,0,3|770,2,886.487,261.548,-170.555||0*0|
755,0,177.131,51.374,10,8.04785,100,4,2,0,0,1,1,4*756,1,1316,246,-170,180,85,2,0,0,0,1,0,3|770,2,863.285,257.688,-170.555||0*0|
755,0,184.062,52.354,10,11.5478,100,4,2,0,0,1,1,4*756,1,1316,243,-170,180,85,2,0,0,0,1,0,3|770,2,838.923,253.635,-170.555||0*0|
755,0,190.92,53.7553,10,15.0478,100,4,2,0,0,1,1,4*756,1,1316,240,-170,180,85,2,0,0,0,1,0,3|770,2,813.343,249.38,-170.555||0*0|
755,0,197.68,55.5727,10,18.5478,100,4,2,0,0,1,1,4*756,1,1316,237,-170,180,85,2,0,0,0,1,0,3|770,2,786.484,244.912,-170.555||0*0|
755,0,204.317,57.7994,10,22.0478,100,4,2,0,0,1,1,4*756,1,1316,234,-170,180,85,2,0,0,0,1,0,3|770,2,758.282,240.22,-170.555||0*0|
755,0,210.805,60.427,10,25.5478,100,4,2,0,0,1,1,4*756,1,1316,231,-170,180,85,2,0,0,0,1,0,3|770,2,728.67,235.294,-170.555||0*0|
755,0,217.121,63.4459,9,29.0478,100,4,2,0,1,1,1,4*756,1,1316,228,-170,180,85,2,0,0,0,1,0,3|770,2,697.577,230.122,-170.555||0*0|
755,0,223.24,66.8447,9,32.5478,100,4,2,0,0,1,1,4*756,1,1316,225,-170,180,85,2,0,0,0,1,0,3|770,2,664.93,224.691,-170.555||0*0|
755,0,229.141,70.6107,9,36.0478,100,4,2,0,0,1,1,4*756,1,1316,222,-170,180,85,2,0,0,0,1,0,3|770,2,630.65,218.988,-170.555||0*0|
755,0,234.8,74.7299,8,39.5478,100,4,2,0,1,1,1,4*756,1,1316,219,-170,180,85,2,0,0,0,1,0,3|770,2,594.656,213,-170.555||0*0|
755,0,240.198,79.187,8,43.0478,100,4,2,0,0,1,1,4*756,1,1316,216,-170,180,85,2,0,0,0,1,0,3|770,2,556.862,206.713,-170.555||0*0|
755,0,245.313,83.9652,8,46.5478,100,4,2,0,0,1,1,4*756,1,1316,213,-170,180,85,2,0,0,0,1,0,3|770,2,517.179,200.111,-170.555||0*0|
755,0,250.128,89.0469,7,50.0478,100,4,2,0,1,1,1,4*756,1,1316,210,-170,180,85,2,0,0,0,1,0,3|770,2,475.512,193.18,-170.555||0*0|
755,0,254.623,94.4129,7,53.5478,100,4,2,0,0,1,1,4*756,1,1316,207,-170,180,85,2,0,0,0,1,0,3|770,2,431.761,185.902,-170.555||0*0|
755,0,258.782,100.043,7,57.0478,100,4,2,0,0,1,1,4*756,1,1316,204,-170,180,85,2,0,0,0,1,0,3|770,2,385.823,178.26,-170.555||0*0|
755,0,262.589,105.917,6,60.5478,100,4,2,0,1,1,1,4*756,1,1316,201,-170,180,85,2,0,0,0,1,0,3|770,2,337.588,170.235,-170.555||0*0|
755,0,266.031,112.013,6,64.0478,100,4,2,0,0,1,1,4*756,1,1316,198,-170,180,85,2,0,0,0,1,0,3|770,2,286.941,161.81,-170.555||0*0|
755,0,269.095,118.307,5,67.5478,65,4,2,0,1,1,1,4*756,1,1316,195,-175,180,85,2,0,0,1,1,0,3||2,233.762,152.963|0*0|
755,0,271.768,124.776,5,71.0478,65,4,2,0,0,1,1,4*756,1,1316,192,-175,180,85,2,0,0,0,1,0,3|||0*0|
755,0,273.274,127.891,4,74.5478,65,4,2,0,1,1,1,4*756,1,1316,189,-175,180,85,2,0,0,0,1,0,3|||0*0|
755,0,273.667,127.805,4,78.0478,65,4,2,0,0,1,1,4*756,1,1316,186,-175,180,85,2,0,0,0,1,0,3|||0*0|
755,0,273.64,127.811,4,81.5478,65,4,2,0,0,1,1,4*756,1,1316,183,-175,180,85,2,0,0,0,1,0,3|||0*0|
755,0,273.17,127.913,4,85.0478,65,4,2,1,0,1,1,3*756,1,1316,180,-175,180,85,2,0,0,0,1,0,3||4,349.294,135.056,1366,232.416|0*0|
755,0,272.233,128.123,3,88.5478,65,4,2,0,1,1,1,3*756,1,1316,177,-175,180,85,2,0,0,0,1,0,3|||0*0|
755,0,270.81,128.456,3,92.0478,65,4,2,0,0,1,1,3*756,1,1316,174,-175,180,85,2,0,0,0,1,0,3|||0*0|
755,0,268.885,128.935,3,95.5478,65,4,2,0,0,1,1,3*756,1,1316,171,-175,180,85,2,0,0,0,1,0,3|||0*0|
755,0,266.449,129.587,3,99.0478,65,4,2,0,0,1,1,3*756,1,1316,168,-175,180,85,2,0,0,0,1,0,3|||0*0|
755,0,263.5,130.448,3,102.548,65,4,2,0,0,1,1,3*756,1,1316,165,-175,180,85,2,0,0,0,1,0,3|||0*0|
755,0,260.048,131.556,2,106.048,65,4,2,0,1,1,1,3*756,1,1316,162,-175,180,85,2,0,0,0,1,0,3|||0*0|
755,0,256.116,132.956,2,109.548,65,4,2,0,0,1,1,3*756,1,1316,159,-175,180,85,2,0,0,0,1,0,3|||0*0|
755,0,251.739,134.692,2,113.048,65,4,2,0,0,1,1,3*756,1,1316,156,-175,180,85,2,0,0,0,1,0,3|||0*0|
755,0,246.971,136.806,2,116.548,65,4,2,0,0,1,1,3*756,1,1316,153,-175,180,85,2,0,0,0,1,0,3|||0*0|
755,0,241.881,139.333,1,120.048,65,4,2,0,1,1,1,3*756,1,1316,150,-175,180,85,2,0,0,0,1,0,3|||0*0|
755,0,236.554,142.298,1,123.548,65,4,2,0,0,1,1,3*756,1,1316,147,-175,180,85,2,0,0,0,1,0,3|||0*0|
755,0,231.086,145.712,1,127.048,65,4,2,0,0,1,1,3*756,1,1316,144,-175,180,85,2,0,0,0,1,0,3|||0*0|
755,0,225.584,149.565,0,130.548,65,4,2,0,1,1,1,3*756,1,1316,141,180,180,85,2,0,0,1,1,0,3|||0*0|
755,0,220.154,153.825,0,134.048,65,4,2,0,0,1,1,3*756,1,1316,138,180,180,85,2,0,0,0,1,0,3|||0*0|
755,0,214.901,158.44,0,137.548,65,4,2,0,0,1,1,3*756,1,1316,135,180,180,85,2,0,0,0,1,0,3|||0*0|
755,0,209.736,163.165,-1,141.048,65,4,2,0,1,1,1,3*756,1,1316,132,180,180,85,2,0,0,0,1,0,3|||0*0|
755,0,204.292,167.566,-1,144.548,65,4,2,0,0,1,1,3*756,1,1316,129,180,180,85,2,0,0,0,1,0,3|||0*0|
755,0,198.59,171.626,-1,148.048,65,4,2,0,0,1,1,3*756,1,1316,126,180,180,85,2,0,0,0,1,0,3|||0*0|
755,0,192.651,175.331,-2,151.548,65,4,2,0,1,1,1,3*756,1,1316,123,180,180,85,2,0,0,0,1,0,3|||0*0|
755,0,186.496,178.666,-2,155.048,65,4,2,0,0,1,1,3*756,1,1316,120,180,180,85,2,0,0,0,1,0,3|||0*0|
755,0,180.15,181.619,-2,158.548,65,4,2,0,0,1,1,3*756,1,1316,117,180,180,85,2,0,0,0,1,0,3|||0*0|
755,0,173.635,184.179,-3,162.048,65,4,2,0,1,1,1,3*756,1,1316,114,180,180,85,2,0,0,0,1,0,3|||0*0|
755,0,166.975,186.336,-3,165.548,65,4,2,0,0,1,1,3*756,1,1316,111,180,180,85,2,0,0,0,1,0,3|||0*0|
755,0,160.197,188.083,-3,169.048,65,4,2,0,0,1,1,3*756,1,1316,108,180,180,85,2,0,0,0,1,0,3|||0*0|
755,0,153.324,189.413,-3,172.548,65,4,2,0,0,1,1,3*756,1,1316,105,180,180,85,2,0,0,0,1,0,3|||0*0|
755,0,146.383,190.321,-4,176.048,65,4,2,0,1,1,1,3*756,1,1316,102,180,180,85,2,0,0,0,1,0,3|||0*0|
755,0,139.4,190.804,-4,179.548,65,4,2,0,0,1,1,3*756,1,1316,99,180,180,85,2,0,0,0,1,0,5|||0*999|
755,0,132.4,190.859,-4,-176.952,65,4,2,0,0,1,1,3*756,1,1316,96,180,180,85,2,0,0,0,1,0,5|||0*998|
755,0,125.41,190.487,-4,-173.452,65,4,2,0,0,1,1,3*756,1,1316,93,180,180,85,2,0,0,0,1,0,5|||0*997|
755,0,118.456,189.688,-4,-169.952,65,4,2,0,0,1,1,3*756,1,1316,90,180,180,85,2,0,0,0,1,0,5|||0*996|
755,0,111.563,188.467,-4,-166.452,65,4,2,0,0,1,1,3*756,1,1316,87,180,180,85,2,0,0,0,1,0,5|||0*995|
755,0,104.758,186.827,-4,-162.952,65,4,2,0,0,1,1,3*756,1,1316,84,180,180,85,2,0,0,0,1,0,5|||0*994|
755,0,98.0656,184.775,-4,-159.452,65,4,2,0,0,1,1,3*756,1,1313,84,180,180,85,2,0,0,0,1,0,5|||0*993|
755,0,91.511,182.318,-4,-155.952,65,4,2,0,0,1,1,3*756,1,1313,81,180,180,85,2,0,0,0,1,0,5|||0*992|
755,0,85.1185,179.466,-4,-152.452,65,4,2,0,0,1,1,3*756,1,1310,81,180,180,85,2,0,0,0,1,0,5|||0*991|
755,0,78.9121,176.228,-4,-148.952,65,4,2,0,0,1,1,3*756,1,1310,78,180,180,85,2,0,0,0,1,0,5|||0*990|
755,0,72.915,172.618,-4,-145.452,65,4,2,0,0,1,1,3*756,1,1307,78,180,180,85,2,0,0,0,1,0,5|||0*989|
755,0,67.1494,168.648,-4,-141.952,65,4,2,0,0,1,1,3*756,1,1307,75,180,180,85,2,0,0,0,1,0,5|||0*988|
755,0,61.6369,164.334,-4,-138.452,65,4,2,0,0,1,1,3*756,1,1304,75,180,180,85,2,0,0,0,1,0,5|||0*987|
755,0,56.3981,159.691,-4,-134.952,65,4,2,0,0,1,1,3*756,1,1304,72,180,180,85,2,0,0,0,1,0,5|||0*986|
755,0,51.4525,154.737,-4,-131.452,65,4,2,0,0,1,1,3*756,1,1301,72,180,180,85,2,0,0,0,1,0,5|||0*985|
755,0,50,149.491,-4,-127.952,65,4,2,0,0,1,1,3*756,1,1301,72,180,180,85,2,0,0,0,0,0,5|||0*984|
755,0,50,143.971,-4,-124.452,65,4,2,0,0,1,1,3*756,1,1301,75,180,180,85,2,0,0,0,1,0,5|||0*983|
755,0,50,138.199,-4,-120.952,65,4,2,0,0,1,1,3*756,1,1301,78,180,180,85,2,0,0,0,1,0,5|||0*982|
755,0,50,132.196,-3,-117.452,65,4,2,0,1,1,1,3*756,1,1301,81,180,180,85,2,0,0,0,1,0,5|||0*981|
755,0,50,125.984,-3,-113.952,65,4,2,0,0,1,1,3*756,1,1301,84,180,180,85,2,0,0,0,1,0,5|||0*980|
755,0,50,119.587,-2,-110.452,65,4,2,0,1,1,1,3*756,1,1301,87,180,180,85,2,0,0,0,1,0,5|||0*979|
755,0,50,113.028,-2,-106.952,65,4,2,0,0,1,1,3*756,1,1301,90,180,180,85,2,0,0,0,1,0,5|||0*978|
755,0,50,106.332,-2,-103.452,65,4,2,0,0,1,1,3*756,1,1301,93,180,180,85,2,0,0,0,1,0,5|||0*977|
755,0,50,99.5243,-1,-99.9522,65,4,2,1,1,1,1,2*756,1,1301,96,180,180,65,2,0,1,0,1,0,4|773,2,1210.01,93.972,179.388|4,125.943,103.402,1275.32,59.046|0*976|
755,0,50,92.6297,-1,-96.4522,65,4,2,0,0,1,1,2*756,1,1301,99,180,180,65,2,0,0,0,1,0,4|773,2,1203.71,94.0393,179.388||0*975|
755,0,50,85.674,0,-92.9522,65,4,2,0,1,1,1,2*756,1,1301,102,180,180,65,2,0,0,0,1,0,4|773,2,1197.09,94.1099,179.388||0*974|
755,0,50,78.6833,0,-89.4522,65,4,2,0,0,1,1,2*756,1,1301,105,180,180,65,2,0,0,0,1,0,4|773,2,1190.15,94.1841,179.388||0*973|
755,0,50.0669,71.6836,1,-85.9522,65,4,2,0,1,1,1,2*756,1,1301,108,180,180,65,2,0,0,0,1,0,4|773,2,1182.85,94.262,179.388||0*972|
755,0,50.5611,64.7011,1,-82.4522,65,4,2,0,0,1,1,2*756,1,1301,111,180,180,65,2,0,0,0,1,0,4|773,2,1175.2,94.3438,179.388||0*971|
755,0,51.4805,57.7617,2,-78.9522,65,4,2,0,1,1,1,2*756,1,1301,114,180,180,65,2,0,0,0,1,0,4|773,2,1167.16,94.4297,179.388||0*970|
755,0,52.8219,50.8914,2,-75.4522,65,4,2,0,0,1,1,2*756,1,1301,117,180,180,65,2,0,0,0,1,0,4|773,2,1158.71,94.5199,179.388||0*969|
755,0,54.5803,50,3,-71.9522,65,4,2,0,1,1,1,2*756,1,1301,120,180,180,65,2,0,0,0,1,0,4|773,2,1149.85,94.6146,179.388||0*968|
755,0,56.7489,50,3,-68.4522,65,4,2,0,0,1,1,2*756,1,1301,123,180,180,65,2,0,0,0,1,0,4|773,2,1140.54,94.714,179.388||0*967|
755,0,59.3199,50,3,-64.9522,65,4,2,0,0,1,1,2*756,1,1301,126,180,180,65,2,0,0,0,1,0,4|773,2,1130.77,94.8184,179.388||0*966|
755,0,62.2835,50,3,-61.4522,65,4,2,0,0,1,1,2*756,1,1301,129,180,180,65,2,0,0,0,1,0,4|773,2,1120.51,94.928,179.388||0*965|
755,0,65.6288,50,3,-57.9522,65,4,2,0,0,1,1,2*756,1,1301,132,180,180,65,2,0,0,0,1,0,4|773,2,1109.73,95.0431,179.388||0*964|
755,0,69.3431,50,3,-54.4522,65,4,2,0,0,1,1,2*756,1,1301,135,180,180,65,2,0,0,0,1,0,4|773,2,1098.42,95.1639,179.388||0*963|
755,0,73.4128,50,3,-50.9522,65,4,2,0,0,1,1,2*756,1,1301,138,180,180,65,2,0,0,0,1,0,4|773,2,1086.54,95.2908,179.388||0*962|
755,0,77.8226,50,4,-47.4522,65,4,2,0,1,1,1,2*756,1,1301,141,180,180,65,2,0,0,0,1,0,4|773,2,1074.07,95.424,179.388||0*961|
755,0,82.556,50,4,-43.9522,65,4,2,0,0,1,1,2*756,1,1301,144,180,180,65,2,0,0,0,1,0,4|773,2,1060.97,95.5639,179.388||0*960|
755,0,87.5955,50,4,-40.4522,65,4,2,0,0,1,1,2*756,1,1301,147,180,180,65,2,0,0,0,1,0,4|773,2,1047.22,95.7108,179.388||0*959|
755,0,92.9221,50,4,-36.9522,65,4,2,0,0,1,1,2*756,1,1301,150,180,180,65,2,0,0,0,1,0,4|773,2,1032.78,95.8651,179.388||0*958|
755,0,98.5161,50,4,-33.4522,65,4,2,0,0,1,1,2*756,1,1301,153,180,180,65,2,0,0,0,1,0,4|773,2,1017.62,96.027,179.388||0*957|
755,0,104.357,50,4,-29.9522,65,4,2,0,0,1,1,2*756,1,1301,156,180,180,65,2,0,0,0,1,0,4|773,2,1001.7,96.1971,179.388||0*956|
755,0,110.422,50,5,-26.4522,65,4,2,0,1,1,1,2*756,1,1301,159,-175,180,65,2,0,0,1,1,0,4|773,2,984.987,96.3756,179.388||0*955|
755,0,116.689,50,5,-22.9522,65,4,2,0,0,1,1,2*756,1,1301,162,-175,180,65,2,0,0,0,1,0,4|773,2,967.436,96.5631,179.388||0*954|
755,0,123.135,50,5,-19.4522,65,4,2,0,0,1,1,2*756,1,1301,165,-175,180,65,2,0,0,0,1,0,4|773,2,949.008,96.7599,179.388||0*953|
755,0,129.735,50,5,-15.9522,65,4,2,0,0,1,1,2*756,1,1301,168,-175,180,65,2,0,0,0,1,0,4|773,2,929.659,96.9666,179.388||0*952|
755,0,136.465,50,5,-12.4522,65,4,2,0,0,1,1,2*756,1,1301,171,-175,180,65,2,0,0,0,1,0,4|773,2,909.342,97.1836,179.388||0*951|
755,0,143.301,50,5,-8.95215,65,4,2,0,0,1,1,2*756,1,1301,174,-175,180,65,2,0,0,0,1,0,4|773,2,888.009,97.4115,179.388||0*950|
755,0,150.216,50,6,-5.45215,65,4,2,0,1,1,1,2*756,1,1301,177,-175,180,65,2,0,0,0,1,0,4|773,2,865.609,97.6508,179.388||0*949|
755,0,157.184,50,6,-1.95215,65,4,2,0,0,1,1,2*756,1,1301,180,-175,180,65,2,0,0,0,1,0,4|773,2,842.09,97.902,179.388||0*948|
755,0,164.18,50,6,1.54785,65,4,2,0,0,1,1,2*756,1,1301,183,-175,180,65,2,0,0,0,1,0,4|773,2,817.395,98.1658,179.388||0*947|
755,0,171.177,50.1891,6,5.04785,65,4,2,0,0,1,1,2*756,1,1301,186,-175,180,65,2,0,0,0,1,0,4|773,2,791.464,98.4428,179.388||0*946|
755,0,178.15,50.805,6,8.54785,65,4,2,0,0,1,1,2*756,1,1301,189,-175,180,65,2,0,0,0,1,0,4|773,2,764.238,98.7336,179.388||0*945|
755,0,185.072,51.8454,7,12.0478,65,4,2,0,1,1,1,2*756,1,1301,192,-175,180,65,2,0,0,0,1,0,4|773,2,735.65,99.039,179.388||0*944|
755,0,191.918,53.3065,7,15.5478,65,4,2,0,0,1,1,2*756,1,1301,195,-175,180,65,2,0,0,0,1,0,4|773,2,705.632,99.3596,179.388||0*943|
755,0,198.662,55.1828,7,19.0478,65,4,2,0,0,1,1,2*756,1,1301,198,-175,180,65,2,0,0,0,1,0,4|773,2,674.114,99.6963,179.388||0*942|
755,0,205.279,57.4673,7,22.5478,65,4,2,0,0,1,1,2*756,1,1301,201,-175,180,65,2,0,0,0,1,0,4|773,2,641.02,100.05,179.388||0*941|
755,0,211.744,60.1515,7,26.0478,65,4,2,0,0,1,1,2*756,1,1301,204,-175,180,65,2,0,0,0,1,0,4|773,2,606.271,100.421,179.388||0*940|
755,0,218.033,63.2254,7,29.5478,65,4,2,0,0,1,1,2*756,1,1301,207,-175,180,65,2,0,0,0,1,0,4|773,2,569.784,100.811,179.388||0*939|
755,0,224.122,66.6774,7,33.0478,65,4,2,0,0,1,1,2*756,1,1301,210,-175,180,65,2,0,0,0,1,0,4|773,2,531.474,101.22,179.388||0*938|
755,0,229.99,70.4948,7,36.5478,65,4,2,0,0,1,1,2*756,1,1301,213,-175,180,65,2,0,0,0,1,0,4|773,2,491.248,101.65,179.388||0*937|
755,0,235.613,74.6633,7,40.0478,65,4,2,0,0,1,1,2*756,1,1301,216,-175,180,65,2,0,0,0,1,0,4|773,2,449.01,102.101,179.388||0*936|
755,0,240.972,79.1673,7,43.5478,65,4,2,0,0,1,1,2*756,1,1301,219,-175,180,65,2,0,0,0,1,0,4|773,2,404.661,102.575,179.388||0*935|
755,0,246.045,83.99,7,47.0478,65,4,2,0,0,1,1,2*756,1,1301,222,-175,180,65,2,0,0,0,1,0,4|773,2,358.094,103.072,179.388||0*934|
755,0,250.815,89.1134,7,50.5478,65,4,2,0,0,1,1,2*756,1,1301,225,-175,180,65,2,0,0,0,1,0,4|773,2,309.199,103.594,179.388||0*933|
755,0,255.263,94.5185,7,54.0478,30,4,2,0,0,1,1,2*756,1,1301,228,-175,180,65,2,0,0,0,1,0,4||2,257.859,104.143|0*932|
755,0,259.373,100.185,7,57.5478,30,4,2,0,0,1,1,2*756,1,1301,231,-175,180,65,2,0,0,0,1,0,4|||0*931|
755,0,263.129,106.092,7,61.0478,30,4,2,0,0,1,1,2*756,1,1301,234,-175,180,65,2,0,0,0,1,0,4|||0*930|
755,0,266.518,112.217,7,64.5478,30,4,2,0,0,1,1,2*756,1,1301,237,-175,180,65,2,0,0,0,1,0,4|||0*929|
755,0,269.526,118.538,7,68.0478,30,4,2,0,0,1,1,2*756,1,1301,240,-175,180,65,2,0,0,0,1,0,4|||0*928|
755,0,272.143,125.03,7,71.5478,30,4,2,0,0,1,1,2*756,1,1301,243,-175,180,65,2,0,0,0,1,0,4|||0*927|
755,0,273.527,127.835,7,75.0478,30,4,2,1,0,1,1,1*756,1,1301,246,-175,180,45,2,0,0,0,1,0,4||4,347.283,136.428,1267.46,276.002|0*926|
755,0,273.872,127.761,7,78.5478,30,4,2,0,0,1,1,1*756,1,1301,249,-175,180,45,2,0,0,0,1,0,4|||0*925|
755,0,273.794,127.778,7,82.0478,30,4,2,0,0,1,1,1*756,1,1301,252,-175,180,45,2,0,0,0,1,0,4|||0*924|
755,0,273.27,127.891,7,85.5478,30,4,2,0,0,1,1,1*756,1,1301,255,-175,180,45,2,0,0,0,1,0,4|||0*923|
755,0,272.277,128.113,7,89.0478,30,4,2,0,0,1,1,1*756,1,1301,258,-175,180,45,2,0,0,0,1,0,4|||0*922|
755,0,270.794,128.46,7,92.5478,30,4,2,0,0,1,1,1*756,1,1301,261,-175,180,45,2,0,0,0,1,0,4|||0*921|
755,0,268.809,128.954,7,96.0478,30,4,2,0,0,1,1,1*756,1,1301,264,-175,180,45,2,0,0,0,1,0,4|||0*920|
755,0,266.311,129.625,7,99.5478,30,4,2,0,0,1,1,1*756,1,1301,267,-175,180,45,2,0,0,0,1,0,4|||0*919|
755,0,263.301,130.509,7,103.048,30,4,2,0,0,1,1,1*756,1,1301,270,-175,180,45,2,0,0,0,1,0,4|||0*918|
755,0,259.789,131.644,7,106.548,30,4,2,0,0,1,1,1*756,1,1301,273,-175,180,45,2,0,0,0,1,0,4|||0*917|
755,0,255.8,133.075,7,110.048,30,4,2,0,0,1,1,1*756,1,1301,276,-175,180,45,2,0,0,0,1,0,4|||0*916|
755,0,251.372,134.847,7,113.548,30,4,2,0,0,1,1,1*756,1,1301,279,-175,180,45,2,0,0,0,1,0,4|||0*915|
755,0,246.559,137,7,117.048,30,4,2,0,0,1,1,1*756,1,1301,282,-175,180,45,2,0,0,0,1,0,4|||0*914|
755,0,241.432,139.57,7,120.548,30,4,2,0,0,1,1,1*756,1,1301,285,-175,180,45,2,0,0,0,1,0,4|||0*913|
755,0,236.078,142.58,7,124.048,30,4,2,0,0,1,1,1*756,1,1301,288,-175,180,45,2,0,0,0,1,0,4|||0*912|
755,0,230.596,146.038,7,127.548,30,4,2,0,0,1,1,1*756,1,1301,291,-175,180,45,2,0,0,0,1,0,4|||0*911|
755,0,225.09,149.933,7,131.048,30,4,2,0,0,1,1,1*756,1,1301,294,-175,180,45,2,0,0,0,1,0,4|||0*910|
755,0,219.669,154.229,7,134.548,30,4,2,0,0,1,1,1*756,1,1301,297,-175,180,45,2,0,0,0,1,0,4|||0*909|
755,0,214.436,158.875,7,138.048,30,4,2,0,0,1,1,1*756,1,1301,300,-175,180,45,2,0,0,0,1,0,4|||0*908|
755,0,209.23,163.554,7,141.548,30,4,2,0,0,1,1,1*756,1,1301,303,-175,180,45,2,0,0,0,1,0,4|||0*907|
755,0,203.748,167.907,7,145.048,30,4,2,0,0,1,1,1*756,1,1301,306,-175,180,45,2,0,0,0,1,0,4|||0*906|
755,0,198.011,171.917,7,148.548,30,4,2,0,0,1,1,1*756,1,1301,309,-175,180,45,2,0,0,0,1,0,4|||0*905|
755,0,192.04,175.57,7,152.048,30,4,2,0,0,1,1,1*756,1,1301,312,-175,180,45,2,0,0,0,1,0,4|||0*904|
755,0,185.856,178.851,7,155.548,30,4,2,0,0,1,1,1*756,1,1301,315,-175,180,45,2,0,0,0,1,0,4|||0*903|
755,0,179.484,181.749,7,159.048,30,4,2,0,0,1,1,1*756,1,1301,318,-175,180,45,2,0,0,0,1,0,4|||0*902|
755,0,172.947,184.252,7,162.548,30,4,2,0,0,1,1,1*756,1,1301,321,-175,180,45,2,0,0,0,1,0,4|||0*901|
755,0,166.269,186.351,7,166.048,30,4,2,0,0,1,1,1*756,1,1301,324,-175,180,45,2,0,0,0,1,0,4|||0*900|
755,0,159.476,188.039,7,169.548,30,4,2,0,0,1,1,1*756,1,1301,327,-175,180,45,2,0,0,0,1,0,4|||0*899|
755,0,152.592,189.309,7,173.048,30,4,2,0,0,1,1,1*756,1,1301,330,-175,180,45,2,0,0,0,1,0,4|||0*898|
755,0,145.643,190.156,7,176.548,30,4,2,0,0,1,1,1*756,1,1301,333,-175,180,45,2,0,0,0,1,0,4|||0*897|
755,0,138.656,190.577,7,-179.952,30,4,2,0,0,1,1,1*756,1,1301,336,-175,180,45,2,0,0,0,1,0,4|||0*896|
755,0,131.656,190.572,7,-176.452,30,4,2,0,0,1,1,1*756,1,1301,339,-175,180,45,2,0,0,0,1,0,4|||0*895|
755,0,124.669,190.138,7,-172.952,30,4,2,0,0,1,1,1*756,1,1301,342,-175,180,45,2,0,0,0,1,0,4|||0*894|
755,0,117.722,189.28,7,-169.452,30,4,2,0,0,1,1,1*756,1,1301,345,-175,180,45,2,0,0,0,1,0,4|||0*893|
755,0,110.84,187.998,7,-165.952,30,4,2,0,0,1,1,1*756,1,1301,348,-175,180,45,2,0,0,0,1,0,4|||0*892|
755,0,104.05,186.299,7,-162.452,30,4,2,0,0,1,1,1*756,1,1301,351,-175,180,45,2,0,0,0,1,0,4|||0*891|
755,0,97.3756,184.189,7,-158.952,30,4,2,0,0,1,1,1*756,1,1301,354,-175,180,45,2,0,0,0,1,0,4|||0*890|
755,0,90.8426,181.675,8,-155.452,30,4,2,0,1,1,1,1*756,1,1301,357,-175,180,45,2,0,0,0,1,0,4|||0*889|
755,0,84.4753,178.766,8,-151.952,30,4,2,0,0,1,1,1*756,1,1301,360,-175,180,45,2,0,0,0,1,0,4|||0*888|
755,0,78.2974,175.475,8,-148.452,30,4,2,0,0,1,1,1*756,1,1301,363,-175,180,45,2,0,0,0,1,0,4|||0*887|
755,0,72.332,171.812,8,-144.952,30,4,2,0,0,1,1,1*756,1,1301,366,-175,180,45,2,0,0,0,1,0,4|||0*886|
755,0,66.6013,167.793,8,-141.452,30,4,2,0,0,1,1,1*756,1,1301,369,-175,180,45,2,0,0,0,1,0,4|||0*885|
755,0,61.1267,163.43,9,-137.952,30,4,2,0,1,1,1,1*756,1,1301,372,-175,180,45,2,0,0,0,1,0,4|||0*884|
755,0,55.9286,158.742,9,-134.452,30,4,2,0,0,1,1,1*756,1,1301,375,-175,180,45,2,0,0,0,1,0,4|||0*883|
755,0,51.0264,153.745,9,-130.952,30,4,2,0,0,1,1,1*756,1,1301,378,-175,180,45,2,0,0,0,1,0,4|||0*882|
755,0,50,148.459,10,-127.452,30,4,2,0,1,1,1,1*756,1,1301,381,-170,180,45,2,0,0,1,1,0,4|||0*881|
755,0,50,142.901,10,-123.952,30,4,2,0,0,1,1,1*756,1,1301,384,-170,180,45,2,0,0,0,1,0,4|||0*880|
755,0,50,137.095,10,-120.452,30,4,2,0,0,1,1,1*756,1,1301,387,-170,180,45,2,0,0,0,1,0,4|||0*879|
755,0,50,131.061,11,-116.952,30,4,2,0,1,1,1,1*756,1,1301,390,-170,180,45,2,0,0,0,1,0,4|||0*878|
755,0,50,124.821,11,-113.452,30,4,2,0,0,1,1,1*756,1,1301,393,-170,180,45,2,0,0,0,1,0,4|||0*877|
755,0,50,118.399,12,-109.952,30,4,2,1,1,1,1,0*756,1,1301,396,-170,180,45,2,0,1,0,1,0,3|776,2,1211,379.549,-171.5|4,125.082,136.599,1366,331.254|0*876|
755,0,50,111.819,12,-106.452,30,4,2,0,0,1,1,0*756,1,1301,399,-170,180,45,2,0,0,0,1,0,3|776,2,1204.77,378.618,-171.5||0*875|
755,0,50,105.106,12,-102.952,30,4,2,0,0,1,1,0*756,1,1301,402,-170,180,45,2,0,0,0,1,0,3|776,2,1198.23,377.64,-171.5||0*874|
755,0,50,98.284,13,-99.4522,30,4,2,0,1,1,1,0*756,1,1301,405,-170,180,45,2,0,0,0,1,0,3|776,2,1191.36,376.614,-171.5||0*873|
755,0,50,91.379,13,-95.9522,30,4,2,0,0,1,1,0*756,1,1301,408,-170,180,45,2,0,0,0,1,0,3|776,2,1184.14,375.536,-171.5||0*872|
755,0,50,84.4168,14,-92.4522,30,4,2,0,1,1,1,0*756,1,1301,411,-170,180,45,2,0,0,0,1,0,3|776,2,1176.57,374.404,-171.5||0*871|
755,0,50,77.4232,14,-88.9522,30,4,2,0,0,1,1,0*756,1,1301,414,-170,180,45,2,0,0,0,1,0,3|776,2,1168.62,373.215,-171.5||0*870|
755,0,50.128,70.4244,15,-85.4522,30,4,2,0,1,1,1,0*756,1,1301,417,-165,180,45,2,0,0,1,1,0,3|776,2,1160.27,371.968,-171.5||0*869|
755,0,50.6831,63.4464,15,-81.9522,30,4,2,0,0,1,1,0*756,1,1301,420,-165,180,45,2,0,0,0,1,0,3|776,2,1151.5,370.657,-171.5||0*868|
755,0,51.6631,56.5153,15,-78.4522,30,4,2,0,0,1,1,0*756,1,1301,423,-165,180,45,2,0,0,0,1,0,3|776,2,1142.3,369.281,-171.5||0*867|
755,0,53.0644,50,16,-74.9522,30,4,2,0,1,1,1,0*756,1,1301,426,-165,180,45,2,0,0,0,1,0,3|776,2,1132.63,367.837,-171.5||0*866|
755,0,54.8817,50,16,-71.4522,30,4,2,0,0,1,1,0*756,1,1301,429,-165,180,45,2,0,0,0,1,0,3|776,2,1122.48,366.32,-171.5||0*865|
755,0,57.1084,50,16,-67.9522,30,4,2,0,0,1,1,0*756,1,1301,432,-165,180,45,2,0,0,0,1,0,3|776,2,1111.82,364.727,-171.5||0*864|
755,0,59.7361,50,17,-64.4522,30,4,2,0,1,1,1,0*756,1,1301,435,-165,180,45,2,0,0,0,1,0,3|776,2,1100.63,363.055,-171.5||0*863|
755,0,62.7549,50,17,-60.9522,30,4,2,0,0,1,1,0*756,1,1301,438,-165,180,45,2,0,0,0,1,0,3||2,1088.88,361.299|0*862|
755,0,66.1537,50,17,-57.4522,30,4,2,0,0,1,1,0*756,1,1301,441,-165,180,45,2,0,0,0,1,0,3|||0*861|
755,0,69.9197,50,17,-53.9522,30,4,2,0,0,1,1,0*756,1,1301,444,-165,180,45,2,0,0,0,1,0,3|||0*860|
755,0,74.039,50,17,-50.4522,30,4,2,0,0,1,1,0*756,1,1301,447,-165,180,45,2,0,0,0,1,0,3|||0*859|
755,0,78.496,50,17,-46.9522,30,4,2,0,0,1,1,0*756,1,1301,450,-165,180,45,2,0,0,0,1,0,3|||0*858|
755,0,83.2743,50,18,-43.4522,30,4,2,0,1,1,1,0*756,1,1301,453,-165,180,45,2,0,0,0,1,0,3|||0*857|
755,0,88.3559,50,18,-39.9522,30,4,2,0,0,1,1,0*756,1,1301,456,-165,180,45,2,0,0,0,1,0,3|||0*856|
755,0,93.722,50,18,-36.4522,30,4,2,0,0,1,1,0*756,1,1301,459,-165,180,45,2,0,0,0,1,0,3|||0*855|
755,0,99.3525,50,18,-32.9522,30,4,2,0,0,1,1,0*756,1,1301,462,-165,180,45,2,0,0,0,1,0,3|||0*854|
755,0,105.226,50,18,-29.4522,30,4,2,0,0,1,1,0*756,1,1301,465,-165,180,45,2,0,0,0,1,0,3|||0*853|
755,0,111.322,50,19,-25.9522,30,4,2,0,1,1,1,0*756,1,1301,468,-165,180,45,2,0,0,0,1,0,3|||0*852|
755,0,117.616,50,19,-22.4522,30,4,2,0,0,1,1,0*756,1,1301,471,-165,180,45,2,0,0,0,1,0,3|||0*851|
755,0,124.085,50,19,-18.9522,30,4,2,0,0,1,1,0*756,1,1301,474,-165,180,45,2,0,0,0,1,0,3|||0*850|
755,0,130.706,50,19,-15.4522,30,4,2,0,0,1,1,0*756,1,1301,477,-165,180,45,2,0,0,0,1,0,3|||0*849|
755,0,137.453,50,20,-11.9522,30,4,2,0,1,1,1,0*756,1,1301,480,-160,180,45,2,0,0,1,1,0,3|||0*848|
755,0,144.301,50,20,-8.45215,30,4,2,0,0,1,1,0*756,1,1301,483,-160,180,45,2,0,0,0,1,0,3|||0*847|
755,0,151.225,50,20,-4.95215,30,4,2,0,0,1,1,0*756,1,1301,486,-160,180,45,2,0,0,0,1,0,3|||0*846|
755,0,158.199,50,20,-1.45215,30,4,2,0,0,1,1,0*756,1,1301,489,-160,180,45,2,0,0,0,1,0,3|||0*845|
755,0,165.197,50,21,2.04785,30,4,2,0,1,1,1,0*756,1,1301,492,-160,180,45,2,0,0,0,1,0,3|||0*844|
755,0,172.192,50.2501,21,5.54785,30,4,2,0,0,1,1,0*756,1,1301,495,-160,180,45,2,0,0,0,1,0,3|||0*843|
755,0,179.159,50.9269,21,9.04785,30,4,2,0,0,1,1,0*756,1,1301,498,-160,180,45,2,0,0,0,1,0,3|||0*842|
755,0,186.072,52.0277,21,12.5478,30,4,2,0,0,1,1,0*756,1,1301,501,-160,180,45,2,0,0,0,1,0,3|||0*841|
755,0,192.905,53.5485,21,16.0478,30,4,2,0,0,1,1,0*756,1,1301,504,-160,180,45,2,0,0,0,1,0,3|||0*840|
755,0,199.632,55.4836,22,19.5478,30,4,2,0,1,1,1,0*756,1,1301,507,-160,180,45,2,0,0,0,1,0,3|||0*839|
755,0,206.229,57.8257,22,23.0478,30,4,2,0,0,1,1,0*756,1,1301,510,-160,180,45,2,0,0,0,1,0,3|||0*838|
755,0,212.67,60.5662,22,26.5478,30,4,2,0,0,1,1,0*756,1,1301,513,-160,180,45,2,0,0,0,1,0,3|||0*837|
755,0,218.932,63.6948,22,30.0478,30,4,2,0,0,1,1,0*756,1,1301,516,-160,180,45,2,0,0,0,1,0,3|||0*836|
755,0,224.991,67.1999,22,33.5478,30,4,2,0,0,1,1,0*756,1,1301,519,-160,180,45,2,0,0,0,1,0,3|||0*835|
755,0,230.825,71.0683,22,37.0478,30,4,2,0,0,1,1,0*756,1,1301,522,-160,180,45,2,0,0,0,1,0,3|||0*834|
755,0,236.412,75.2857,22,40.5478,30,4,2,0,0,1,1,0*756,1,1301,525,-160,180,45,2,0,0,0,1,0,3|||0*833|
755,0,241.731,79.8363,22,44.0478,30,4,2,0,0,1,1,0*756,1,1301,528,-160,180,45,2,0,0,0,1,0,3|||0*832|
755,0,246.762,84.7031,22,47.5478,30,4,2,0,0,1,1,0*756,1,1301,531,-160,180,45,2,0,0,0,1,0,3|||0*831|
755,0,251.487,89.868,22,51.0478,30,4,2,0,0,1,1,0*756,1,1301,534,-160,180,45,2,0,0,0,1,0,3|||0*830|
755,0,255.888,95.3117,22,54.5478,30,4,2,0,0,1,1,0*756,1,1301,537,-160,180,45,2,0,0,0,1,0,3|||0*829|
755,0,259.948,101.014,22,58.0478,30,4,2,0,0,1,1,0*756,1,1301,540,-160,180,45,2,0,0,0,1,0,3|||0*828|
755,0,263.653,106.953,22,61.5478,30,4,2,0,0,1,1,0*756,1,1301,543,-160,180,45,2,0,0,0,1,0,3|||0*827|
755,0,266.988,113.108,22,65.0478,30,4,2,0,0,1,1,0*756,1,1301,546,-160,180,45,2,0,0,0,1,0,3|||0*826|
755,0,269.941,119.454,22,68.5478,30,4,2,0,0,1,1,0*756,1,1301,549,-160,180,45,2,0,0,0,1,0,3|||0*825|
755,0,272.501,125.969,22,72.0478,30,4,2,0,0,1,1,0*756,1,1301,549,-160,180,45,2,0,0,0,0,0,3|||0*824|
755,0,273.619,127.816,22,75.5478,30,4,2,0,0,1,1,0*756,1,1301,546,-160,180,45,2,0,0,0,1,0,3|||0*823|
755,0,273.906,127.754,22,79.0478,30,4,2,0,0,1,1,0*756,1,1301,543,-160,180,45,2,0,0,0,1,0,3|||0*822|
755,0,273.767,127.784,22,82.5478,30,4,2,0,0,1,1,0*756,1,1301,540,-160,180,45,2,0,0,0,1,0,3|||0*821|
755,0,273.178,127.912,22,86.0478,30,4,2,0,0,1,1,0*756,1,1301,537,-160,180,45,2,0,0,0,1,0,3|||0*820|
755,0,272.117,128.149,22,89.5478,30,4,2,0,0,1,1,0*756,1,1301,534,-160,180,45,2,0,0,0,1,0,3|||0*819|
755,0,270.565,128.515,22,93.0478,30,4,2,0,0,1,1,0*756,1,1301,531,-160,180,45,2,0,0,0,1,0,3|||0*818|
755,0,268.508,129.032,22,96.5478,30,4,2,0,0,1,1,0*756,1,1301,528,-160,180,45,2,0,0,0,1,0,3|||0*817|
755,0,265.938,129.73,22,100.048,30,4,2,0,0,1,1,0*756,1,1301,525,-160,180,45,2,0,0,0,1,0,3|||0*816|
755,0,262.856,130.646,21,103.548,30,4,2,0,1,1,1,0*756,1,1301,522,-160,180,45,2,0,0,0,1,0,3|||0*815|
755,0,259.276,131.82,21,107.048,30,4,2,0,0,1,1,0*756,1,1301,519,-160,180,45,2,0,0,0,1,0,3|||0*814|
755,0,255.222,133.296,21,110.548,30,4,2,0,0,1,1,0*756,1,1301,516,-160,180,45,2,0,0,0,1,0,3|||0*813|
755,0,250.736,135.117,21,114.048,30,4,2,0,0,1,1,0*756,1,1301,513,-160,180,45,2,0,0,0,1,0,3|||0*812|
755,0,245.874,137.326,20,117.548,30,4,2,0,1,1,1,0*756,1,1301,510,-160,180,45,2,0,0,0,1,0,3|||0*811|
755,0,240.709,139.956,20,121.048,30,4,2,0,0,1,1,0*756,1,1301,507,-160,180,45,2,0,0,0,1,0,3|||0*810|
755,0,235.331,143.029,20,124.548,30,4,2,0,0,1,1,0*756,1,1301,504,-160,180,45,2,0,0,0,1,0,3|||0*809|
755,0,229.838,146.548,19,128.048,30,4,2,0,1,1,1,0*756,1,1301,501,-160,180,45,2,0,0,0,1,0,3|||0*808|
755,0,224.337,150.501,19,131.548,30,4,2,0,0,1,1,0*756,1,1301,498,-160,180,45,2,0,0,0,1,0,3|||0*807|
755,0,218.936,154.849,18,135.048,30,4,2,0,1,1,1,0*756,1,1301,495,-160,180,45,2,0,0,0,1,0,3|||0*806|
755,0,213.736,159.537,18,138.548,30,4,2,0,0,1,1,0*756,1,1301,492,-160,180,45,2,0,0,0,1,0,3|||0*805|
755,0,208.49,164.171,18,142.048,30,4,2,0,0,1,1,0*756,1,1301,489,-160,180,45,2,0,0,0,1,0,3|||0*804|
755,0,202.97,168.476,17,145.548,30,4,2,0,1,1,1,0*756,1,1301,486,-160,180,45,2,0,0,0,1,0,3|||0*803|
755,0,197.198,172.436,17,149.048,30,4,2,0,0,1,1,0*756,1,1301,483,-160,180,45,2,0,0,0,1,0,3|||0*802|
755,0,191.195,176.036,16,152.548,30,4,2,0,1,1,1,0*756,1,1301,480,-160,180,45,2,0,0,0,1,0,3|||0*801|
755,0,184.983,179.263,16,156.048,30,4,2,0,0,1,1,0*756,1,1301,477,-160,180,45,2,0,0,0,1,0,3|||0*800|
755,0,178.586,182.105,15,159.548,30,4,2,0,1,1,1,0*756,1,1301,474,-165,180,45,2,0,0,1,1,0,3|||0*799|
755,0,172.027,184.551,15,163.048,30,4,2,0,0,1,1,0*756,1,1301,471,-165,180,45,2,0,0,0,1,0,3|||0*798|
755,0,165.331,186.592,15,166.548,30,4,2,0,0,1,1,0*756,1,1301,468,-165,180,45,2,0,0,0,1,0,3|||0*797|
755,0,158.523,188.221,14,170.048,30,4,2,0,1,1,1,0*756,1,1301,465,-165,180,45,2,0,0,0,1,0,3|||0*796|
755,0,151.628,189.43,14,173.548,30,4,2,0,0,1,1,0*756,1,1301,462,-165,180,45,2,0,0,0,1,0,3|||0*795|
755,0,144.673,190.217,14,177.048,30,4,2,0,0,1,1,0*756,1,1301,459,-165,180,45,2,0,0,0,1,0,3|||0*794|
755,0,137.682,190.577,14,-179.452,30,4,2,0,0,1,1,0*756,1,1301,456,-165,180,45,2,0,0,0,1,0,3|||0*793|
755,0,130.682,190.511,13,-175.952,30,4,2,0,1,1,1,0*756,1,1301,453,-165,180,45,2,0,0,0,1,0,3|||0*792|
755,0,123.7,190.016,13,-172.452,30,4,2,0,0,1,1,0*756,1,1301,450,-165,180,45,2,0,0,0,1,0,3|||0*791|
755,0,116.76,189.097,13,-168.952,30,4,2,0,0,1,1,0*756,1,1301,447,-165,180,45,2,0,0,0,1,0,3|||0*790|
755,0,109.89,187.756,13,-165.452,30,4,2,0,0,1,1,0*756,1,1301,444,-165,180,45,2,0,0,0,1,0,3|||0*789|
755,0,103.115,185.997,13,-161.952,30,4,2,0,0,1,1,0*756,1,1301,441,-165,180,45,2,0,0,0,1,0,3|||0*788|
755,0,96.459,183.829,13,-158.452,30,4,2,0,0,1,1,0*756,1,1301,438,-165,180,45,2,0,0,0,1,0,3|||0*787|
755,0,89.9483,181.258,12,-154.952,30,4,2,0,1,1,1,0*756,1,1301,435,-165,180,45,2,0,0,0,1,0,3|||0*786|
755,0,83.6066,178.294,12,-151.452,30,4,2,0,0,1,1,0*756,1,1301,432,-165,180,45,2,0,0,0,1,0,3|||0*785|
755,0,77.4577,174.949,12,-147.952,30,4,2,0,0,1,1,0*756,1,1301,429,-165,180,45,2,0,0,0,1,0,3|||0*784|
755,0,71.5244,171.234,12,-144.452,30,4,2,0,0,1,1,0*756,1,1301,426,-165,180,45,2,0,0,0,1,0,3|||0*783|
755,0,65.829,167.165,12,-140.952,30,4,2,0,0,1,1,0*756,1,1301,423,-165,180,45,2,0,0,0,1,0,3|||0*782|
755,0,60.3927,162.755,12,-137.452,30,4,2,0,0,1,1,0*756,1,1301,420,-165,180,45,2,0,0,0,1,0,3|||0*781|
755,0,55.2357,158.021,12,-133.952,30,4,2,0,0,1,1,0*756,1,1301,417,-165,180,45,2,0,0,0,1,0,3|||0*780|
755,0,50.3773,152.982,12,-130.452,30,4,2,0,0,1,1,0*756,1,1301,414,-165,180,45,2,0,0,0,1,0,3|||0*779|
755,0,50,147.655,12,-126.952,30,4,2,0,0,1,1,0*756,1,1301,411,-165,180,45,2,0,0,0,1,0,3|||0*778|
755,0,50,142.061,12,-123.452,30,4,2,0,0,1,1,0*756,1,1301,408,-165,180,45,2,0,0,0,1,0,3|||0*777|
755,0,50,136.221,12,-119.952,30,4,2,0,0,1,1,0*756,1,1301,405,-165,180,45,2,0,1,0,1,0,2|777,2,1213.67,382.424,-163.677||0*776|
755,0,50,130.156,12,-116.452,30,4,2,0,0,1,1,0*756,1,1301,402,-165,180,45,2,0,0,0,1,0,2|777,2,1207.62,380.654,-163.677||0*775|
755,0,50,123.889,12,-112.952,30,4,2,0,0,1,1,0*756,1,1301,399,-165,180,45,2,0,0,0,1,0,2|777,2,1201.27,378.794,-163.677||0*774|
755,0,50,117.443,12,-109.452,30,4,2,0,0,1,1,0*756,1,1301,396,-165,180,45,2,0,0,0,1,0,2|777,2,1194.61,376.842,-163.677||0*773|
755,0,50,110.842,12,-105.952,30,4,2,0,0,1,1,0*756,1,1301,393,-165,180,45,2,0,0,0,1,0,2|777,2,1187.61,374.793,-163.677||0*772|
755,0,50,104.112,12,-102.452,30,4,2,0,0,1,1,0*756,1,1301,390,-165,180,45,2,0,0,0,1,0,2|777,2,1180.26,372.64,-163.677||0*771|
755,0,50,97.2767,12,-98.9522,30,4,2,0,0,1,1,0*756,1,1301,387,-165,180,45,2,0,0,0,1,0,2|777,2,1172.54,370.381,-163.677||0*770|
755,0,50,90.3619,13,-95.4522,30,4,2,0,1,1,1,0*756,1,1301,384,-165,180,45,2,0,0,0,1,0,2|777,2,1164.44,368.008,-163.677||0*769|
755,0,50,83.3936,13,-91.9522,30,4,2,0,0,1,1,0*756,1,1301,381,-165,180,45,2,0,0,0,1,0,2|777,2,1155.93,365.516,-163.677||0*768|
755,0,50,76.3977,13,-88.4522,30,4,2,0,0,1,1,0*756,1,1301,378,-165,180,45,2,0,0,0,1,0,2|777,2,1147,362.9,-163.677||0*767|
755,0,50.1891,69.4002,13,-84.9522,30,4,2,0,0,1,1,0*756,1,1301,375,-165,180,45,2,0,0,0,1,0,2|777,2,1137.62,360.154,-163.677||0*766|
755,0,50.805,62.4274,13,-81.4522,30,4,2,0,0,1,1,0*756,1,1301,372,-165,180,45,2,0,0,0,1,0,2|777,2,1127.77,357.269,-163.677||0*765|
755,0,51.8454,55.5051,13,-77.9522,30,4,2,0,0,1,1,0*756,1,1301,369,-165,180,45,2,0,0,0,1,0,2|777,2,1117.43,354.241,-163.677||0*764|
755,0,53.3065,50,14,-74.4522,30,4,2,0,1,1,1,0*756,1,1301,366,-165,180,45,2,0,0,0,1,0,2|777,2,1106.57,351.061,-163.677||0*763|
755,0,55.1828,50,14,-70.9522,30,4,2,0,0,1,1,0*756,1,1301,363,-165,180,45,2,0,0,0,1,0,2|777,2,1095.17,347.722,-163.677||0*762|
755,0,57.4673,50,14,-67.4522,30,4,2,0,0,1,1,0*756,1,1301,360,-165,180,45,2,0,0,0,1,0,2|777,2,1083.2,344.217,-163.677||0*761|
755,0,60.1515,50,14,-63.9522,30,4,2,0,0,1,1,0*756,1,1301,357,-165,180,45,2,0,0,0,1,0,2|777,2,1070.63,340.536,-163.677||0*760|
755,0,63.2254,50,14,-60.4522,30,4,2,0,0,1,1,0*756,1,1301,354,-165,180,45,2,0,0,0,1,0,2|777,2,1057.44,336.671,-163.677||0*759|
755,0,66.6774,50,14,-56.9522,30,4,2,0,0,1,1,0*756,1,1301,351,-165,180,45,2,0,0,0,1,0,2|777,2,1043.58,332.612,-163.677||0*758|
755,0,70.4948,50,14,-53.4522,30,4,2,0,0,1,1,0*756,1,1301,348,-165,180,45,2,0,0,0,1,0,2|777,2,1029.03,328.351,-163.677||0*757|
755,0,74.6633,50,14,-49.9522,30,4,2,0,0,1,1,0*756,1,1301,345,-165,180,45,2,0,0,0,1,0,2|777,2,1013.75,323.877,-163.677||0*756|
755,0,79.1673,50,14,-46.4522,30,4,2,0,0,1,1,0*756,1,1301,342,-165,180,45,2,0,0,0,1,0,2|777,2,997.707,319.179,-163.677||0*755|
755,0,83.99,50,14,-42.9522,30,4,2,0,0,1,1,0*756,1,1301,339,-165,180,45,2,0,0,0,1,0,2|777,2,980.863,314.246,-163.677||0*754|
755,0,89.1134,50,14,-39.4522,30,4,2,0,0,1,1,0*756,1,1301,336,-165,180,45,2,0,0,0,1,0,2|777,2,963.177,309.066,-163.677||0*753|
755,0,94.5185,50,14,-35.9522,30,4,2,0,0,1,1,0*756,1,1301,333,-165,180,45,2,0,0,0,1,0,2|777,2,944.606,303.628,-163.677||0*752|
755,0,100.185,50,14,-32.4522,30,4,2,0,0,1,1,0*756,1,1301,330,-165,180,45,2,0,0,0,1,0,2|777,2,925.107,297.917,-163.677||0*751|
755,0,106.092,50,14,-28.9522,30,4,2,0,0,1,1,0*756,1,1301,327,-165,180,45,2,0,0,0,1,0,2|777,2,904.633,291.921,-163.677||0*750|
755,0,112.217,50,14,-25.4522,30,4,2,0,0,1,1,0*756,1,1301,324,-165,180,45,2,0,0,0,1,0,2|777,2,883.135,285.626,-163.677||0*749|
755,0,118.538,50,13,-21.9522,30,4,2,0,1,1,1,0*756,1,1301,321,-165,180,45,2,0,0,0,1,0,2|777,2,860.562,279.015,-163.677||0*748|
755,0,125.03,50,13,-18.4522,30,4,2,0,0,1,1,0*756,1,1301,318,-165,180,45,2,0,0,0,1,0,2|777,2,836.861,272.074,-163.677||0*747|
755,0,131.67,50,13,-14.9522,30,4,2,0,0,1,1,0*756,1,1301,315,-165,180,45,2,0,0,0,1,0,2|777,2,811.975,264.786,-163.677||0*746|
755,0,138.433,50,13,-11.4522,30,4,2,0,0,1,1,0*756,1,1301,312,-165,180,45,2,0,0,0,1,0,2|777,2,785.844,257.133,-163.677||0*745|
755,0,145.294,50,13,-7.95215,30,4,2,0,0,1,1,0*756,1,1301,309,-165,180,45,2,0,0,0,1,0,2|777,2,758.407,249.098,-163.677||0*744|
755,0,152.227,50,13,-4.45215,30,4,2,0,0,1,1,0*756,1,1301,306,-165,180,45,2,0,0,0,1,0,2|777,2,729.597,240.661,-163.677||0*743|
755,0,159.206,50,13,-0.952154,30,4,2,0,0,1,1,0*756,1,1301,303,-165,180,45,2,0,0,0,1,0,2|777,2,699.348,231.802,-163.677||0*742|
755,0,166.205,50,13,2.54785,30,4,2,0,0,1,1,0*756,1,1301,300,-165,180,45,2,0,0,0,1,0,2|777,2,667.586,222.501,-163.677||0*741|
755,0,173.198,50.3112,13,6.04785,30,4,2,0,0,1,1,0*756,1,1301,297,-165,180,45,2,0,0,0,1,0,2|777,2,634.236,212.734,-163.677||0*740|
755,0,180.159,51.0487,13,9.54785,30,4,2,0,0,1,1,0*756,1,1301,294,-165,180,45,2,0,0,0,1,0,2|777,2,599.218,202.479,-163.677||0*739|
755,0,187.062,52.2098,13,13.0478,30,4,2,0,0,1,1,0*756,1,1301,291,-165,180,45,2,0,0,0,1,0,2|777,2,562.449,191.711,-163.677||0*738|
755,0,193.881,53.7901,13,16.5478,30,4,2,0,0,1,1,0*756,1,1301,288,-165,180,45,2,0,0,0,1,0,2|777,2,523.842,180.404,-163.677||0*737|
755,0,200.591,55.7839,12,20.0478,30,4,2,0,1,1,1,0*756,1,1301,285,-165,180,45,2,0,0,0,1,0,2|777,2,483.305,168.533,-163.677||0*736|
755,0,207.167,58.1835,12,23.5478,30,4,2,0,0,1,1,0*756,1,1301,282,-165,180,45,2,0,0,0,1,0,2|777,2,440.741,156.068,-163.677||0*735|
755,0,213.584,60.9801,12,27.0478,30,4,2,0,0,1,1,0*756,1,1301,279,-165,180,45,2,0,0,0,1,0,2|777,2,396.048,142.979,-163.677||0*734|
755,0,219.818,64.1632,12,30.5478,30,4,2,0,0,1,1,0*756,1,1301,276,-165,180,45,2,0,0,0,1,0,2|777,2,349.121,129.236,-163.677||0*733|
755,0,225.847,67.721,12,34.0478,30,4,2,0,0,1,1,0*756,1,1301,273,-165,180,45,2,0,0,0,1,0,2|777,2,299.848,114.806,-163.677||0*732|
755,0,231.647,71.6402,11,37.5478,-5,4,2,0,1,1,1,0*756,1,1301,270,-165,180,45,2,0,0,0,1,0,2||2,248.111,99.6548|0*731|